化学式为空的记录统计
====================

统计时间: 2025-09-01 23:22:11
源文件: ReagentModules.xlsx
总记录数: 708

空化学式所在行号:
----------------
205   895   1383  1505  2233  2254  2529  2760  2761  2769  
2771  2880  3006  3009  3011  3058  3067  3082  3085  3091  
3128  3171  3173  3176  3178  3184  3203  3224  3231  3232  
3235  3240  3255  3257  3266  3275  3278  3283  3296  3304  
3311  3319  3326  3327  3329  3330  3346  3349  3385  3397  
3407  3408  3409  3410  3411  3412  3418  3424  3427  3441  
3443  3456  3457  3469  3478  3480  3486  3493  3529  3545  
3547  3549  3552  3559  3572  3583  3593  3594  3595  3596  
3597  3600  3601  3602  3603  3604  3621  3643  3656  3667  
3670  3697  3706  3747  3754  3755  3757  3786  3808  3810  
3818  3819  3834  3835  3848  3857  3864  3866  3890  3899  
3953  3987  3989  3990  3991  3994  4014  4030  4042  4051  
4060  4063  4066  4095  4102  4103  4106  4108  4118  4119  
4192  4200  4203  4208  4229  4231  4239  4245  4258  4260  
4267  4286  4287  4288  4289  4291  4301  4305  4308  4312  
4324  4337  4339  4340  4342  4346  4348  4352  4354  4358  
4406  4414  4424  4425  4427  4430  4436  4451  4459  4469  
4489  4494  4495  4496  4498  4504  4515  4530  4538  4540  
4542  4553  4554  4557  4563  4568  4580  4590  4593  4594  
4598  4599  4600  4605  4610  4613  4628  4630  4644  4648  
4656  4668  4670  4674  4675  4707  4713  4714  4718  4726  
4740  4744  4751  4756  4757  4762  4766  4769  4788  4791  
4792  4794  4807  4808  4810  4812  4816  4824  4838  4888  
4891  4893  4899  4919  4920  4929  4930  4931  4935  4938  
4939  4942  4945  4949  4956  4965  4970  4973  4975  4990  
5002  5003  5011  5024  5025  5030  5031  5046  5055  5073  
5075  5081  5121  5139  5140  5145  5157  5166  5167  5185  
5186  5199  5200  5202  5206  5207  5255  5258  5261  5265  
5271  5287  5288  5292  5306  5320  5321  5339  5341  5347  
5370  5371  5372  5383  5385  5407  5414  5422  5432  5474  
5487  5497  5499  5504  5509  5512  5520  5529  5531  5542  
5551  5557  5568  5570  5571  5573  5579  5586  5595  5600  
5606  5611  5624  5627  5631  5633  5645  5646  5675  5676  
5683  5684  5685  5686  5687  5690  5693  5708  5709  5725  
5727  5750  5756  5763  5770  5790  5791  5802  5821  5826  
5831  5836  5839  5856  5857  5872  5877  5883  5887  5888  
5898  5899  5900  5901  5908  5930  5934  5935  5938  5939  
5949  5959  5962  5990  6002  6003  6017  6026  6027  6028  
6030  6039  6042  6068  6075  6094  6106  6114  6119  6150  
6162  6198  6207  6213  6220  6224  6233  6234  6237  6239  
6240  6248  6249  6253  6268  6278  6288  6291  6320  6347  
6351  6360  6364  6396  6398  6406  6422  6423  6432  6443  
6444  6447  6461  6462  6469  6470  6476  6478  6494  6499  
6505  6508  6512  6524  6526  6533  6535  6538  6539  6544  
6545  6551  6561  6565  6568  6569  6571  6572  6577  6584  
6601  6606  6608  6609  6613  6614  6619  6620  6623  6625  
6632  6633  6638  6645  6648  6650  6659  6672  6675  6683  
6695  6697  6704  6705  6710  6713  6723  6732  6744  6749  
6750  6752  6758  6772  6783  6804  6809  6818  6825  6826  
6829  6831  6836  6848  6857  6861  6863  6870  6883  6914  
6917  6949  6954  6955  6956  6972  6979  6981  6985  6990  
6994  6997  7004  7009  7021  7026  7037  7038  7040  7042  
7054  7069  7083  7085  7108  7109  7110  7116  7133  7137  
7138  7142  7143  7147  7148  7162  7165  7167  7177  7182  
7193  7201  7203  7237  7239  7243  7247  7248  7249  7250  
7257  7260  7265  7272  7287  7297  7317  7323  7346  7347  
7349  7351  7357  7361  7362  7372  7391  7413  7416  7417  
7459  7467  7526  7542  7546  7549  7561  7573  7587  7609  
7635  7708  7717  7718  7720  7726  7731  7739  7742  7752  
7763  7771  7781  7783  7788  7800  7828  7900  7901  7908  
7913  7925  7926  7927  7929  7930  7931  7932  7933  7934  
7935  7936  7937  7938  7940  7943  7944  7945  7946  7953  
7954  7955  7956  7957  7958  7959  7960  7962  7963  7964  
7965  7968  7984  7988  7994  7997  8037  8039  8051  8059  
8060  8062  8064  8070  8133  8146  8147  8197  8203  8212  
8218  8225  8226  8240  8246  8255  8256  8259  8270  8292  
8295  8318  8319  8320  8322  8325  8333  8347  8357  8364  
8378  8403  8404  8408  8424  8430  8445  8470  8480  8481  
8484  8485  8512  8513  8531  8532  8540  8541  8554  8557  
8566  8589  8590  8591  8595  8597  8618  8628  8632  8657  
8666  8671  8677  8682  8688  8697  8710  8714  

====================
统计完成!
